999

11161666666, die, Krainer Proto·
stanton, 661.

1116111666 (16616, 11661166661111116661,
964.

1116616661Η666, 1116661, 803.

Κ166166666 171.

111616 (011, 81111, Ρ16661 6611.) 16
11616166 346, 346, 668, 696, 901,
909.

11161116 (011, -131116116, 0661-) 16
Κ1116166111111,941, 796, 899.
honburg, 11611 166 (Khrenberg),
11616611. 66661661 1161, 481, 666.
Κ161111, 866166111111616, 134, 136,

660.

1111666166 Adam, I. 1. Κ666161-
66116161, 136, 141, 164, 167, 169,
913, 440, 619, 736.

111161, 6663611666661 Ρ1616611161666
11116166, 434.

Κ11666661161, 1161116661, 891.

1111681666 16 0661616161166111 169,
499.

XrIeglstein in 1111161611 763.
111661166 XXI, 413, 477, 478, 489,
696, 690, 749, 897, 866, 909.

1116661616 Anna 669.

- Elisabeth 669.

Κ106 (116166, chron) 66111666 660.

- Leonhard 384.

- 1666166, 11166661166 11616666, 6.
111166 11616666, 3166661 166 -
XIV, XX, XXI, XXVIII, XXXIII,

· XXXIV, LIX, LXVII, LXIX,
LXX, LXXIV, LXXX, XCVI-
CVIII, CX, 196, 130, 149, 161,
166, 166, 183, 198, 999, 930, 970,
973, 316, 376, 389, 386, 398, 407,
413, 416, 499, 443, 449, 461,469,
464, 466, 469, 461, 470-476, 696,
696, 630, 646, 661, 870, 969.

1116666163.

1116666111 16 11116166 946.

Kronogg (Khronegkh), (116 166,
611616611666 - 6161116666 611616-
familie:

- (ohne 1661661666) 931, 939.

- christoph von, 469.

11166666 David zu - 166 11161611
313, 631.

- 161616666166, 908.

- Η666111166116 166, 860.

- 11611 166, XLV, 991, 998, 311.

- wilhelm 166, 876.

1116666161 (16616, 1161161 1611111611.
970, 333.

1111161811.

1116611613 (01661661) 16 11616166
919.

Kropp (Krupp, Khmp) 16 111616
163, 646, 969.

Κ161166661 16 0661616161 969.

11066666 (11166666) 1616166611 1611,
1611161161 dor 6666666666161661-
666611 16 11161, 613, 618, 668,
613, 618.

116611666613 16 1111161611 968.

1166666111, 11611166, Laudat, 618

1166611666611611,1)1.,116161166116116
6661616611, 771, 796, 797, 801,
810.

11611661 (1166111161) 166 8666666661,
61161136 666 1111616111

- 1161166661 313.

- 36166610 973, 988, 390.

- 11616166 900.

- 1616166611 439, 486.

- 06616 1166666111 313.

- Η666 313.

- 661661166 900.

110613 (manig), 1)1., 6. Κῦπὶς.

11661116 06116111 909.

11661661 111666 644.

11661 (116666) 638.

1101111 36661661616,11116666661616161,
766.

1101666661 Abrabam, Diem 466
1161161616 666666, 138. 2

— Margareta, 1166 061366 11616 ι
133.

11611166 (11616161) 1116611166, 11661
666166666666161661, X, 14, 11. ἕ
39.

1161661· (11661661).161166 904-9116

1116666616 (6616666616), Hm*
666611, 196.

 

 

