463

818 st. Gellen Altenmarkht, Reifling, im 118811 881 Ρ81188 881
1811818881 8181888 8181181 881 8881881881 88188188 881118-
selben plnrrkinder 8118 uber 818 ganzes 188881181 88181118188
888188 nnd 88118118881 jederneit 881181188 1111188888, (1888888)1
8181 1888 888188118118 8881 1181818818881888818118881881-
8818818888111818 inconveniens 188888 entspringen thnet, 1888
81811811818 811 181881188 personen 8188 peieht 881 communion
sterben, 8881818 anch die kinder nngetanffter verbleiben
18188888. Dammben 1888 vil exempl verbanden.

Wie wir nun 881118188 888181 mit 8181188 88181188 11118888
881 1818 88181118188 81811 wie 8881 181888 888811188188 88118-
18888 8181818188 818 1888888181881888 8881881188881 811811811
18118, 8188 haben wir dieh 888188. 8181888811818118888181888
811188, 1888 18 nieht 811818 81818818118 pferren der nottnrfft
1881 818 81188 881888 1888881 88188188 881 118 811181118188
88111188 88 181 88818818 88188181181881811811888881181888
88118188 818881 leyden 188888, 8881818 8881 (181818818 88111881,
1888 81811 88881881 118 11111888 dir untergebne pfarren 1811
1888118188 881 exemplarischen priestern 8811181818188888 8188181
werden, anf 1888 881181 1881811188 118 8888181818 8188 811 888·
1188118.

Und 88811818 8881 118 8811181188 8188111118188 881 88118-
181881 881181 818181881181181811 181 8811118188 8181· ubel ver-
88188,888888188 8811 (118181118888188, 1888 18118118 818181-
18118 881188811881118888188811888 881 118 8881 181181181188
8111881, 881 1888 188 118881 881188 1811 8881881881818 decoro
verriehtet 881 118 1881811188 811818188818818181 werde.

Damit 188881 18881818188 81888811811118 8811111181 881
18 1818818 88818888 18818 18811881 8818 81118881, 8818188881
8811818 188888, (18 88111881 (81118181 anderen 81118188 exempl
8881) 818 888811 (1881881888 81818818888181881888, 118 88 dem
8818118188 81881118881181 881888 1888888818 hoffnnng vor·
handen, 8881881111888188181188.

Wnnn 1888 881118188 81188 811818 88 18811888 188 8111-
118188 818 881 viler 888188 wolfarth angesehen, dir 8881 881
1818818 888 dem 88888 881188 881811818181 stifft 88 188111181818
181 811 8818 888818188 81181181, 8ο 88888188 wir 888 88 111,
188 81111818188 8818818181888 881 1811181181 818881 und 88811-
881888 111181118188 remedierung, wie wir 1888 188888 188
81181811888 888818 rath 881 118188 88188111888 Μ81118,

 

