1666666616 XXXII, 406, 494, 601,
619, 622, 997.

1666163, 061666611 16 0666616166, 3,
6, 22, 439.

1666666616666,66666666 16 116616,
382.

1161166 613, 677, 837, 881, 964.

7.

J 6666613166, 1661136 aus 74666166,
699,

7 6616666116 230.

7 6366 Adam, Μ66161666661666 16 6166-
6616, 829, 864.

- 1666666 660, 661, 794.

- (16663 698.

- Ρ661, 11666166666166616 711666663,
426.

7 6616166166 1111661666 (76361616-
vim) Ρ., 633, 634.

J akob, 616 ,166666661 (Ρ6661166617),
772.

7 akob, 11166661 von 8661666, 61666
8661666.

J 6166 (16663, 7166661, 902.

7 akob P. 661.

761666 0116 810.

761666 Simon 877.

7 61666116 Ρ6166 636, 637.

7 66666666, 1166166636 866116 16
1763666, 373.

7116163, 1616166166 866116, 441.

766116 761666, 866366 in Leoben,
693.

7 6666611666 Μ11661166 662.

7666661616111666 660, 662, 666.

76666616 11611666 713.

7 66666366366 (16666366366) 318.

7631116 433.

766366, St, 661 Kopreinitz 196.

7666611666 Andreas 662.

7 6 achim v. 86666666. 320.

J 6 6611 (76611), 6161616666 6666166166,
LII, 794.

- (16663 1161616166, 861, 866.

- Hans 81366666 66116166 LVI, 860,
861, 866, 866, 884.

766611766116 866.

- Wolf 66666 866.

7666116366776113663,1466616614616-
66663661666166, XI, 26136, 141,
164, 167, 169, 220, 809, 841, 966.

7666666 Δ. (666113) 886.

- christoph 801, 802.

·- veit 673.

7 66666 Franz, 17666661, 743.

766666, 461 von Admont, 138.

766666, Η66663 von 8666666, 320.

7 ohan n, Herzog von Weimnr, 320.

7 66666, st, 661 'I'ybein 424.

766666, st, 666 Ρ60361 487.

7 66666, 81,16 716616 897.

7 onas, Magister, 368.

7 63611 16 116666 910.

766366, 661666666616661116

- 766666 Septima 760, 869,

- 11661733, 734.

76611666 6. Η6611666.

7 66666661, Η666 (76661636 von, 866.

7661 christoph, Prfidikant 66 176111-
661666, 283, 284.

76611 66 8661661616 901.

7666 Andreas, 116166, 17.

7666666663 01, CIV, 4, 21, 30, 38,
39, 66, 187, 239, 294, 937, 396,
699, 666, 666, 717, 740, 761, 771,
772, 808, 836, 883.

761166, Herzog 66 7766666663, 287,
322.

7666666116 4666666 711, 716.

7 6611666 11661, 11661666 1666666666,
314.

76666611666 Η666, Ρ116366 661
11661666, 726.

766616 (76663, 77161 16 11616666616
830.

71.

Kahlwang in 0666616166166616 439.

14616666 (1111616666) 1166666166, 6161-
6166666 66611366, IX, XLVIII,
LXXIX, 27, 28,186, 298, 312, 803.

14616 (116616), 066161, 483, 484, 486.

1161666 (11661666) 11666, 16666666
11116366, 693.

 

