1012

81161161 ,16661 724.

8116611166 16 61116166 286.

811660 Η666 661.

8116666 796.

- 6161116, 1161161 16 61616611, 779,
786-789,

81166666 760.

811611661361, Dr, 320.

8116116666, Dr, 319, 3223 6. 81611-
mann.

811661 Wolf, Buehhaltoreiadjunkt,
14, 173, 181, 394.

811666661 XXIX.

8116116 166666, 866166666316116·
16161, 216.

8116616361, 16166 von Eberaw, Ern-
priester, X, 13, 49, 60, 67, 86, 86,
160-162, 172, 173179, 198, 206,
209, 244, 269, 270, 273, 437, 642,
964.

8166633 (81666611), 8661611, 791, 844,
846.

8166666613, 011, 1, 2, 796, 803.

- 61611. Η6116661666, 16611116166-
361,11616116666, XXI, XXXVIII,
XXXIX, XLI, LII, CX, 464, 620,
719.

- 4166116, 3661166616661616, 9703

- Barbara 98, 99.

- 66613 Η611 661 Κ6ρ1666613 666
Μ616611 XV-XVII, LII, LIII,
LXXI, cxl, 20, 21, 28, 29, 36,
38, 39, 41, 42, 62, 63, 66, 67, 69,
70, 88, 98, 99, 106,116,118,121,
127, 131-133, 136140, 142, 162,
164, 164, 168, 170, 172,178,181,
182, 188-190, 196, 197, 210, 211,
238, 240, 293, 294, 297, 312, 324,
334, 343, 366, 366, 387, 388, 406,
437, 438, 466, 609, 631, 649, 660,
688, 692, 606, 606, 614, 616, 664,
666, 724, 726, 734, 739, 766, 768,
771, 772, 776, 791, 796, 799, 836,
844-849, 869, 968, 970, 971.

- 66613 661 ,11163616 99, 631, 697,
698, 841-848.

- 66613 Η6ι116666 294, 298, 366.

- 66613 81361666 869.

8166666613 11666 wilhelm LIII,
844, 846.

- 6666111111, 844, 846.

- 661116, 66, 166166, 161, 661,
810, 814, 844-848, 884, 926, 963,

8166666611 6161116 699, 700, 716,
782.

81116166, 6. 8116166.

8166163661 661 1161636611 801.

81666161 (8166661) ’1666166 762, 863.

- Sophia 770.

8166611116 (81666116), 81111, 916.

8661661633,86616616Κί16166,223.

863366166611666 616361 364.

81111666, 61611. 1661136, 298, 886.

- christoph 312.

- 66613 864,

8161666131681616161616 660.

816113611 322, 366, 388.

8666311111.

1.

’1636611161 Hans, 16111361 16 Kapsa·
6613, 688.

161161 61166661 (161161) 644, 646

1666161 Andreas, Enpriester 16
11116166, 241, 242, 276, 276, 286

111611, 661 666 von 6166661111 in
1666161, 866.

16666161611294.

1666666666 1116616, 61611. 1661131.
869.

161616 in 11616166 284, 289, 226.
426, 606, 614, 761, 786, 941, 942.
946, 946, 964.

1611666666, 6161616616166111161

- 66116166 869.

- 11666 christoph 694.

- 81361666, 11616611 666, 909, 910.

- 8616166 910.

16161 Andreas 661.

-- Hans Christoph 661.

’16666666661866661,11161661Ι,166
16666, 314.

’16616161 (16666161), 6661111166
Familia 666 1116161

- 66613 661.

 

