976

0881811 Β8111118, 8111381181 Preg,
121, 197.

0881111118 11811188, Birgerff) 11 ’

1111111418.

0811181ιὶ 0118118, 1111311811 (188881.
118188, 464.

08118181 8. 1181118181.

018811818 1188811111, Prndium 81
11811818, 726.

01818881 1181111 de Brixiibureh,
Biirger 181 Weicheelburg, earm.

Christalnigg Friedrich, wirt in
Grossiobming, 786.

Christian 181 Brandenburg 478.

- Furat zu 1111811, 310.

- 1111111181 181 8881881, 8. 88811881.

- 11118111 8111Κ1111181,Ρ18-
( ²3ss > Ι 118181111881 1111118111. 8118118818

1881811, 969.
01181 811161.

ΜΜΜΜΜΜΜ·

463, 436, 763, 743, 761, 783, 784.
018161181111 8. 1081811111.
01811818 8118118118.

01811811, Magister 1111811881, 149.
01681 8111111181.

0818111 8. 1181181111.

081811 8118118111.

08181 (118181, 81811618181 in Vil-

18811,941.

08111118, Adam, 81. Prediger 11

Klageniurt, 105, 171.

08118611 8. 1181181111.

gierter 11188181 111618, 168.
08111811, Bflrger in 11111881, 138.
0811861111, Rudoli 1811, 1181818181-

11181818181, 1166.
08111811811811181.118ωωὶ881811.

Kornberger.

08181111 Ρ8181, 11811811, 917.

0818111118 1111181818, Ρ. 81, 86, 964,
966.

08818118 (Custode, 08181868) Ange·
118, Reiigionereformationskommie-
8111, 11811118181811118181818, 1, 6,
1181Μωω8

01818111 8111811811.

0181118111, 176.

¹ 0111181111111181.

0181181 8111111111
018118 81118118.

ι 01188118 11111881, genunt 111181,

Ρ18188181111 1118118, 134, 186, 169.
01181381 Βι11181811118, 8181181111
181 11838111111111111, 766, 711.

1181118111 (188111111118111111118,
919.
118111881881 (nimbi 11) 313.
1181181, 111 181 11181681811, 8 18181
11181681811.
1188881 1118111811, Lanuuium„
11181181 11 11111181, 766, 776.

(eber 1811 1181611811), 646, 618
1188181681181 1188811111, hul&
18811181 der 81811. 1816181811, 991,
937.
11811811, 1.-1.118ςί118118181, 869.
1181818 088138 1118111111, Prote·
81811111 11 111811, 812, 818.
1181118811 wolf, Ρ181881811, 8³2
1181181881 1181181118, Prema
644, 648, 661, 666, 661, 769.
118888181118811 Daniel (11888818
11118811), Ρ181881811 11 111811, 641,
711.

i 1118181118111 11818, Ρ181881811 18
081818111118 8811881181, 81111818- i Κηῑῃ, 786,

11181118117811,11181188181181 8818ι
burg, 8811181111.

11181118181811,11113118681118811111-
11881181 118118181811188, m, m,
869, 868, 869, 948, 949, 961, Μ

— 88111118 181, 866.

- 81881118 181,996,811,181.

- Franz 181, 1181111181, 866, Μ,
949-961.

- 08818 181, 944.

- 08811 11118811 181, 869.

- (18818 88111118 181, 881.

- 618811 Heinrich 181, 771, 796, m

- 181811 881118881 181, 881.

¹ - 11811 181, 947, 949-961.

 

