(18888181811881188,188811188881-

1023

88188181811188881818811818111·

18188, 2. 88, XXXV-XXXVII, 88118881888, 'Irene 888 1888108181-

CX-CXII.

(1818111888 (111181,11188181883181-
88188, 2. 88. 788, 786, 886, 871,
872, 980, 982, 983.

(1818111881811, 1818818888, magon
wider 818, 2. 88. XXXIX, XCVII
-Qmfflmmwssffl
mfflfflffifflmw
712, 778.

- 8818888888, Begflnstigung, 888818,
2. 88. 18, 21, 128, 221, 270, 292,
mmmfflmwa

(18188888881188 (8188111881 188
818188188188 818818881811812. 88.
836, 899, 886.

(188888188881188 s. 8811118888,
G. 081181, 8188888813 818. im
Ρ818888818ςί8181.

(18881118188 gagen Ρ18188188188
l. 88. 400-402, 2. 88. 8, 8, 10,
&mmmmm

Geworbesperrung 1. 88. LXXVI,

888888

(18818888811818811 1. 88. LXXVI,

18ωωη8

(1188, 811118118888 8811818883 888

8811188888, 2. 88. 108, 106.

(1188888888, 0188888188188, 1. 88.
8888888ω8
mmmffimffimmm

mfflmw

Grundobrigkeit, 881 88188118888
88188188111188 81818 1881888, 288.

mmm

18188188888, 1. 88. XI-XIII, 2. 88.
XXX—XXXIV, 814.

- 8818118818 81811883 888 81188,
2. 88. XLI, XLII, XLVII, L, LI,
138, 629, 690, 639, 610, 804, 808,
818, 882.

- 1111881. 0888811188, 2. 88. XXVIII
-XXXIL

- 11188111181888188888818,2.88.771.

- Ausweisung 888, 88888 1181883818
88881881 8888181888, 2. 88. XLVII,
24.

-8881181888388811181, 2. 88. 811-
828.

818881188188888 181 818 1181881.
0818188881 8818858888 2. 88. 781.

1188818118188188888818818111,
LXXI, 888, 896, 897, 600, 603,
607, 2. 88, XXIII, 130, 192, 290,
231, 288.

8888881188, Verbot, 18 881888188-
8811 88111188111 888 Τ888 zu bo·
gehen, 2. 88. 718.

-818188188118888, 2. 88. 777.

118181188888 11188188 8. 8818118888.

1181881 818888, 818, 2881119111,
XXXII, 8. 81188 188 1609.

Huldigungsltndtago 8. 88181-
gungsstreit.

Huldigungsschwur 11188. 818818
18 111818 1. 88. 88.

- 8. 88181 Ernst, MuImIIian 111,
8818181188 Π.

Huldigungsstreit 1891192 1. 88.

(1881818 1. 88. LIV, LV, 363, 968,
368-812, 373, 976, 379, 383, 388
-388, 998,

6811188188 11188888888118 2. 88. 671
-691,

—- 8. 1181818888 11.; 8. auch 1181881181.

68181888818888 2. B. 892.

XIV-XVIII, XXI, XXXI-XLII,
Lwflfflmmwffist
mmmmwffiw
ffimmfflmwmm.
- in 0818118188 1608 888 88188 Ein-

wirkungen 88118881881811. 2. 88.
XXVII-XXXII.

II. 1., J.

Η88881818818, 1818888888, 2. 88.
991, 881, 882.

J agd, Verbot der- 88 8888· 8. 88181-
18888, 2. 88. 618.

 

