0611, 11666666 06116661616, 621.

- Andreas 311.

- 11666 230.

- (1661616616 xci, 011, 3, 107, 313,
314.

- Daniel 161, 269, 314, 362, 368, 176,
661, 648.

-116666666666 06116666166, 33.

- 16666166 866.

-· Franz 111.

- 06663 Andreas —· von 06116661616
887.

- 16666 176.

-16661 614, 866.

- 1166613666, 314.

- Pankm von, 314.

- wilhelm - von 11616116666111111,
131,140, 160, 164, 177,196,297,
314, 476.

- 17611 666, 311.

061166, 81, 116661666666 16 Ober-
616166, 462, 463.

(1611666663 939.

- Adam von, 4, 239.

06116666166, 6666111166 666 Win-
616663666, 6. 0611 66 06116666166

86666663.

(161166, die, 61616166666 1661636·
66616661, 216

- (1661616664, 207, 312.

- Esther LV, 867.

- Elisabeth 869.

- 1666166611 1166111666 666, 860, 914.

- (16663 zu 8666666663 XXV 616
XXVII, 124, 186, 187, 266, 297,
311, 327, 336, 344, 346, 666, 367,
368, 361, 362, 661-366, 369,
390-392, 396-397, 402, 403,
666, 116, 666, 666, 666, 661, 666.

- Η666 124, 437, 618.

- 11666 (1661616666 768, 798, 862.

- 81366663 298, 312.

G 6116 66166, 1116666666 666 6616666,
662.

(16661116, (1666616616 666 1166161166
116666666666 16 8161666666, 438.

(166666 Simon, 116666666666 161-

6666, 662.

981

0661166, 1166663 666, 666, 668.

(1661666 Η666, prot. 8116366 666
1666666, 692.

066666, Β116366 666 06611661, 964.

0666666 christoph, Woissbotongr-
61116, 623.

- 166666, 6661. 06161116666,108.

0661361) 06663, 6661. Β116366 666
1166666692.

066166166 Ρ661, 11666166116666616
weisskirchen, 134.

Gebhard Η666, 1663316666, 766.

06666161 166666 Philipp, 11666661
1166Β666666366 066666611616, 946.

0611166666 06663166666, 166661166-
6166666 0666116661, 361.

0666163 Ν, 86616661666666 66
Writerrield, 387.

0616666663 (0666666663), 816666-
6663666661166116 im 6663661116666
Β1166666, 96, 844.

(1611161, 6166, 606, 608.

0616661166 Abraham, 116. 16636666-
amtor, 616.

(166111611166666616666,86666166166
16 061666666166, 766.

06663, 11111166, 6666116 im (166666,
Ρ661661661 16 der 11166666 06611,
902.

- 66663. Ρ66111366,12.

06663 Ernst, Markgraf von 116661166-
6663, 287.

- Friedrich 666 Brandenburg 143,
114, 169, 219, 286, 317, 318,
3111.

81. 0666366 770.

, 66186611016Κ6616807.

,, 16 11166166 268.

,, 6611166161166 867.

,, 661 616666 465, 701.
06663666663, St„ 6. Daniel 0611

661-.

(1666, (116, 6166166666 6161636666166616
- 11666666, 791, 868.
- 06663 Ρ611166 666, 869, 861, 883.
- Hans christoph 666, 261, 297, 312.
- 116166661666, 286, 288.
(166366, Ρ11636666181666666, 796.

 

