633, 630, 637, 639, 610, 643,
646, 347, 633, 634, 636, 637,
663-363, 370, 672, 674-682,
686-693, 397-099, 701, 703,
703, 706, 710, 716, 718, 727,
730, 732, 733, 737, 738, 740,
744-749, 732, 733, 737-739,
731-770, 773, 773, 731, 733,
734, 793, 707, 800, 303, 304,
306, 310, 312, 313-823, 323,
331, 332, 334, 330, 838-840,
841, 832, 836, 860-861, 370,
373-884, 838-891, 834, 893,
303, 908, 309, 911-313, 913,
920, 921, 923, 934, 938, 940,
942, 946, 334, 933, 933, 960,
962, 063, 366, 963, 969.

1111311, 331 133 11333313, 1. 1133-
berg.

11111311 131 3133131333 783.

1111113311133 (113111333111111) Η131
Friedrich 13 113113111313 13 111113
721, 724.

- 1131131734.

1111111311 (11311111331), 11111331
33311331

- 1331311343.

- 3111113313 414, 431.

- (133131331311 131, 473, 331.

- (133133111111111863.

- 11133 360.

11311111 13 11313133 344.

11133111, 31331313 133, 1331133131
31113133, 308, 369.

1111313111 3111113, 3111331133 Weich-
selburg, 633, 831, 632, 031.

11333113, 3013311313, 662.

Κ3331113 8331 (1133331113) 638.

11311111 Hans, Pfloger 13 Ρ111133-
11113, 794.

1131111133 1. 1113111133.

K 313 berg ((1331. 1111113313) 13 1111131-
1131313111113.

1131131 Ham, 301331 13 333313,
333.

Keller 13 113111113313, 1131111331
33311331

- 81313333 863.

983

11311318113311 313.

11311313313(Ι13113111313), Ρ11113 13
1111111133, 273, 383-234.

1111131311331331113, Ρ111131, 949.

113313131(11331113131), 13311331 131
1111111133, 339.

1133131 13313331, Ρ13131131 13 der
31318111111311313, xl, xclv, 13,
20, 23, 40.

3333133133,111.,Α333113313111133·
331131311313313, 300.

113113133333 3111111111, Magister,
234, 263.

3331133133, 11313133133311111311131

- 111311 33333113 863.

- (13313 833.

- Hans 31311 863.

- 0113 833.

- 81313333 863.

- 11111311 wilhelm 833.

- 9731133333113 863.

1133133301131, 1111131331 33311
familie:

— Familie‚ (111131, 1111313333113113113
3313113, 3113331 3111, xxxvln,
XXXIX, 011, 696, 737, 886, 830,
963.

- 13331113 331.

- 31111313 LXXXVI, LXXXVII,
XCI, 39, 133103, 183, 213, 333,
233, 344, 374-270, 231, 383,
287, 389, 292, 393, 337, 313,
462, 611.

- 3131331, 313133 3311313311, 780,
799, 829, 864, 873.

- 311311 173, 217, 313.

- Franz christoph 643, 636.

- Η131803.

- Ρ131 733, 838, 883, 891.

- 333131 (1111111 133 - 637, 638,
633.

3313331113 (1133333313), 1131111333
3331111311111

- Hert von ·— 803.

- 31131133 — 313.

- Η13133131313333113133111131311-
1133113313111111, 796, 737 , 813, 831.

, - 3313313331312.

 

