1014

’1166611116 Sebast.‚Magister,654,941.

1161111616 11116166 126, 641, 689,

706, 860.
- 16 111616 669, 661, 712.
’1161661 christoph, Pfarrer, 433.

1111611616 16 11116166 902.

116166 166, 241, 333,

1166611116 11616166 323.

Ugod 16 1166616 373.
111161166616 (a. 6666 0161166161 --

1161161 (16616 (16 116661666616 16 111161, Burg 666 (166666166ιὴ 16
11116166), 8661166616161, 892.
’11666666 16 11116166 246, 416.
111661 4661661, Ρ1ο1661661, 191.
11161161 0611116611,Β111661161166666ι

693.

111661 613, 616, 617, 667, 668, 677,
678, 682.

111661 (81661, 8166661. . ,1 266, 423,
484, 694, 929.

’1161661166 16 0661616161616111670,
736, 786, 762, 776, 772, 779, 796,
891, 892, 812.

1166666666, 61611. 4661116611161

- Elisabeth 862,

-111666161 294, 298, 312, 622.

’1161)6116111166, 6161. 116616660111,
142, 411, 929.

16661661616 668.

16666616 16661, Βί1166116616161 16
6616666, 176.

’166661666666 16 11616166 217.

’16666166616116 Κ1616 378, 669.

16666161166116 111116 421.

’1666161666161 (1166166661661) Α6-

166, Ρ161661661, 702, 712.

*16616666 141, 184, 327.

166116616161, Untartan, 244.

1111161 1611616161616116. 761, 809, 916.

’16166666 166166, 1116111161, 929.

’1611166616 16 11116166 784, 790.

111111 1661, 1661111161161 666111116166,
699, 804, 832.

- Hans, 8611616611161, 760, 761.

Turn 16616, Ρ1ο1.(6.81616116.1), 770.

’1616666661 Zacharias, Ρ1ο1661., 63.

16111 (2666611111661116166, 939.

11.

1111616166 16 1111161616161166111 784.
11661666661861611 Regina 668, 672,
703.

Uagam, 231.

11116 Ρ6161, Richter in 17166666, 642

1166166161, 66611111611616161116 661
11116166, 699.

- (16616 313.

1166616 XI, XXI, XXVII, XXVIII
-XXXI, XXXV, XXXIX, XLVIII,
L, LXXI, LXXIII, cxl, 112, 268,
266, 268, 296, 320, 326, 328-330,
406, 474, 479, 483, 434, 490, 623,
661, 616, 666, 666, 6111111161,
666, 668-663, 666, 667, 669,
-671, 674, 679, 687, 696, 621,
649, 668, 682, 693, 714, 727, 733,
736, 760, 767, 768, 770, 772, 777,
780, 783, 790, 794, 800, 830, 831,
860, 866, 868, 883, 889, 893, 398
-900, 903, 913, 967, 970.

1166666, 1666166166. 4661616161Ιὶ6 ²

— Andreas 669, 673, 708.
- 11611 XLV, 191, 646, 981-933.
- Simon 813, 646. ,
116161661661 81661666, 1766666116
116161611611616, 191, 194, 198.
116161611166 16 ’11161 198.
11616161666616 16 11116166 62, 77,
112172, 191, 194, 1961982113,
204.
11616166166111.66111661666616726.
1161616616616 1116111669.
11616116111666661 Mureck 789.
11616116166666616 16 111616 661,
668.
11616166116116 16 11116166 786.
1161616611 16 066161616161611 707.
[1661661111 16 0661616161166111 m,
LXXI, 36-38, 437, 438, 707,
836.
111616, abt von Admont, a. 66161 1
11661661. “
—- 61, 16 11116166 900.
1116611661116666 270.

 

