973

4111101101 41101, Ρ80301 der 4111101, 1101011001030, XII, XXX,

110110011011 1111108013 11 11111101, LXI.

794. 41111000 im Ρ10111, 1111011111 3110110,
4111111311 Ηο100.,Ι10111001011101101 901.

11 Κ1011,255. 411110, st, 81001 11 11110101, 434,
4118811101 Κ11110110111 27. 440, 938, 958.

411110011111, Herzog 101 0010110101, 413011001101 1100310111, 80131011

230. 11 801110811113, 96.
416081018111000111111110,1101111101, 4111011 (0. 011011 Christian) XXIV,

263, 353, 362, 320.

Alexandria 41111000, 11111301 11 4110, St, 011 1101171(9111001101111011

1101110011, 383, 446. 11 11111101) 947.

41001 Julius, 1101101111 8110111111 41050011 XXIV, 318-320, 322.

1101 Τ]5011,424. 41101110, 0011010001 von 8001101,
41131101 stephan, Pfleger 1101 Horr- ( 752.

008011 3110101011, 434. 4001111111 411011, 1101. Res. Kom-
4110110000 3, 715. 11100111, 880.
411·001011101·31)01308101080110) 4111011011 (40101101), 411011 101,

11 1111111450. 11101101 48011301, 314.
4110111013 (80011001) XXIV, 320. -— 41111000 314, 476.
411011101οη, 0110011011 11 11111101, - 00013 814.

831, 958, Apollonia, Wirtin 1110111 8011108
411011101111, 411110010οὴ0 Ρ10110, 111 190111101901.

482, 483. 40111010 85, 100, 168, 241, 277,
- 91110,01.Ρ10111301,414. 328, 545, 870, 882, 883.
4111101101 wilhelm, 8111301 von -Ρο11101011101 - (Βο1110108101·

170110011349, 00000) xclx, 88, 239, 241, 277,
41111301 Ηο11,411011301 010 111011, 328, 333, 870, 694, 939, 940-942,
· 682. 948, 952, 954.

- (411130, 41113101) 11011 862, 731, 4101101 Hans, 48011301 010 111011,

888. 314.

- 9110011 848, 728. 4111011, 0101, 01 3010018013, 10010
4111111113 200. 11111611] (11 Uagam) 214.
41111101 1014111010033(861110101 4111010,11111111 1411101010101110111,

110111100) LII. 39, 42.
- OhrIstoph 588, 851. 4110111, 8011101411101110113101010101-

- 0011110111 288, 298. 101101010111100101, LXXXV.

- 0111301294, 312. 41101601011 (81111, 011, 0110110101,

- Ηο10010301 700, 851. 4111, 0. auch Molitor Emerich)

- 11011100 10141111010033 1110101- XXXIV, LXVII, XCIX, 0, cl,
1011101 18101015111101 XLII, 34, 0111110, 85, 88, 118-120, 209,
170, 183, 312, 802, 784. 217, 239, 241, 258, 270, 274-277,

-- 81110110 791, 794. 279, 281-289, 293, 295, 317, 323,

- 8131111111 785. 328, 333, 388, 870, 804, 642, 668,

-- Marx, 11111301 101 1100501, 593. 691, 892, 760, 762, 785, 907, 910,

-- Ρο101,1111011011.41101180111011,5. 914, 947.

Α111010011110011 (υοτο111011) Bar· 41101 11010, 1011111111 11 111011,
11010, Ρ10100101111, 648, 851. XXXIX, 621, 845, 660-882, 864,

 

