ww

Ausschuss zur Wahrung 6511111511·
11511511 8151151155 1. 86. 266-269,
284, 575-577, 2. Bd. 509-516,
ωψῃωωωωῃῃ

602, 967.

Ausweiuung 651 ρ1ο1.Η511511- und
8111511151651 5. Gegenreformatiom
5. Η511511111116.

- 15581515515111511. Allgemeinos (85·
55165151 1. 1111151 8511511- 11. 811151-
51156, 801151- und 85551551156)
1. Bd. 428, 429, 714, 721, 755, 756,
785, 788, 789, 2. Β6. 6, 4, 14, 27,
49-52, 129, 176, 177, 188, 205,
261, 239, 256, 287, 289, 293, 646,
667, 467, 468, 467, 477, 479, 522,
556, 668, 602, 603, 618, 625, 668,
646, 658, 676, 704, 707, 711, 801,
814, 826, 827, 859-861, 864, 867,
872-874, 877, 884-891, 903, 904,
916, 917, 926, 968.

Bamberg, Bistum, Haltung 1116511
11115111. Fragen 11151511511. 1. 86.
XXIV (1. im Pomonenregister 1111151·
51161511), 2. 86. XIII, 65, 85, 86,
118-120, 217, 295, 615, 616,
760, 761, 801, 960-969, 940-
961.

8515111, 815155155115111111 im 85115111·
stando, 1. Bd. L, 1-6, 104, 106,
112, 120-128,136,149, 154, 157,
162, 174, 179, 182, 201, 240-242,
249, 442, 443.

-die Gegonreformation und 651·
85151111516, 1. Β6. L, 14, 58, 97,
120, 125-128, 149, 204, 267, 268,
246-245, 247, 248, 251, 254, 266,
600, 606, 615-665, 640-642, 649,
650, 655, 560-686, 705-708, 746,
751, 754, 758, 760, 768, 769, 789,
2. Β6. IX, LXIIv-LXXXIII, 7,
166, 245, 246, 260-263, 279-
2Qmffiwssstfflmwwm
861, 862, 878, 889, 893, 907, 914,
960, 965, 970, 971.

855511151511511 5111151111. ‘reni-
1511511 2. 86. LXXVII, LXXVIII.

Bayern 11. 6. 6515115151111. 111 111151-
611511. 1. 86. XXII, 2. 86 m.

8565111511 5515811511 651 8511115111-
15151111111511 111 1161111511 2. 86. 697
-699,

Begrfibnisverweigerung 1. 86
XXX, 205, 206, 216, 239, 240,
696, 426, 427, 493, 2. Β6 158,
159, 163, 258, 284, 292, 293, 313,
416, 428, 752, 813, 924, 928, 911,
966, s. 511511 8115611615.

8515111, 8511151 1153511 1651111511
8515111, 2. Β6. 617, 790, 791, 882.

851511151151, 55151516514, 2 86
642, 626, 627, 638, 808, 917.

- 15155115, 286. 463, 646.

- Erschleichung von, 2. 86 xxm.

- 8151511511Ρ511511511,615 1555111151
oder 51 511511511511 1115511,2.86
246, 271, 431, 556, 595, 596, 604,
605, 612, 614, 621, 651, 706, 718
746, 812, 888, 897, 900-902.

81551, d. 1115615555, 2. 86 925-921.

81111511111511 von Emigranten 1116
8111511511 2. 86. 441, 474, 627,
828, 856, 866, 875, 883, 884, 889
-898, 904, 965, 967.

811515 651811151151111 Maria l. 86
XVIII.

- 816111111ηὲ von, 1. Β6. 552, 566,
2. 86. 127.

8651151, ρ1ο15511111115115, 8511151751·
nichtung, 1. 86. LIII, LXVIII,
LXXII, LXXIII, 42, 69-72, 278,
611, 621, 458, 485, 525, 527, 666.
608, 616, 618, 621, 664, 636, 661,
646, 654, 657, 669, 688, 699, 709,
710, 711, 715, 717, 719, um,

wawzffinnm
xxxv, 11-15, 11, 41-1511,

Μωμωωωω,
151-111, 155, 441, 527, 555151
mmmmmmm
mmffifflmmm
mmfflmmmm
mm

 

