11.

993

14196419, 614 9911, 1114191446-414111-
4464 6641414911141

14411 (41146 144116 996 Lagg), 011· - Freiherr 411 61419 996411-69149·

446411 19 111419, LXIX, LXXVII,
CX, 139, 636, 666, 926.

1416914141191414,Κ499141446141641,
667.

1441141 696499, 1141141 19 Γ1111141 19
Κ619149, 706.

14411641 Adam, Ρ14114119 1441649-
11114699, 433, 434.

L 4619941, 6646149164 4114 11119149,
699.

- 11494 Ι1111196 316.

11481149, 19 641 -, 19 11619149,
902.

14111446 (19614114) XIV, XX, XXI,
XXVIII, XXXVIII, XLVIII,
LXVIII, LXIX, LXXI, LXXIII,
LXXV, CVI, CIX, 12, 36, 39,
40, 42, 126-122, 126,127,129,
166, 133, 139-143,166,164, 171,
Qfflfflfflmmm
mmmmmmm
316, 334, 637, 642, 343, 369, 662,
fflmmmmmm
386, 386, 698, 467, 411-413, 416,
417, 419-422, 427, 426, 461, 440,
443, 464, 466, 466, 461, 476, 477,
419, 441, 499, 419, 411, 414, 441,
mmmmmm
648-666, 666, 666, 639, 662, 666,
616, 621, 625, 626, 660, ees-640,
mmmmmm
444-444, 444, 444, 449, 414,
699-762, 766, 766, 769, 711,
712, 714, 716, 721, 726, 726, 732,
736, 736, 744, 626, 661, 924-926,
928, 926, 969, 946, 946, 966.
Β144691 999 - (4. 4496 614 Na-
men Κ169, 149144641, 14419416),
467-489, 627, 626, 644-646,
666, 666, 621, 666, 660-662, 664,
mmmmmmffl
766, 776, 761, 676, 696, 897, 940,
946, 964.

L 4196446 (τε 14196446) 64161416914
814.

1199144, 11. 411. 66111.

berg 466.

- Angustia 864.

- 61411146 661.

·- Ernreich 736, 739.

- Η41194116 XV, XVI, 46, 166, 117,
116, 121, 133, 161, 162, 166, 313,
368, 476, 660.

- 6411919366.

- 696499 939.

- Josef 314.

- 1141441414 493.

- 11116969313.

-- 1191111411146 476, 612.

141941464119, 3911499 1144941 999,

6496413144641119469191911619149,
766.

1419944641 Andreas, Pfleger, 663.
1419 914461, st. (011, 81111, 461. . .)

412, 426, 666, 669, 611, 964.

- 696499 Heinrich, 461999 - 746,
744.

- 11141119, Abi 999 - 64.

1419919419 P. S. J. 672, 716, 719.

149649, Η411 999, 461, 462.

111961 19 0641414141194111462, 463.

149646414 619, 762.

1496446446 1941114111 622, 623.

1496469141 11146441, 64114614941·
walter, 428, 429.

1496411199 19 11119149 XXXIX,
641, 669, 737, 738, 966, 686, 967,
916.

1496411416 (Ort, Abt von —) 19
1114111 378, 412, 463, 639, 646,
669, 661, 662.

149 g 1141111, 14964464114119199114491,
219.

Langen, 49 der - in Κ419149,
244.

Langenmantl wilhelm, 116191941
149619499, 313.

1494494941 (19116146, 6461411141,
786.

Langenwang in 0641414141194111
269, 616, 626.

66

 

