990

111111100101101 von 8180181111,
8111101 4101111111801

‚ &0013 42, 313, 384, 446, 662.

- Η111 384, 444.

.. 7011478.

881611, 1080111101 81186111 1110118116,
482, 488, 486.

Kindborg, 1111111 11 0801110101,
XCVIII, XCIX, 162, 326, 414,
418, 428-431, 749.

811088008, Ρ1111011 8111101, 614.

8110811011, 8111 101871.

8110811014 11 81111101 892.

811080171101111,86130111800801,
892.

8110810111 11 8101011011( 843.

Kirchperger 818101, 8803110810-
tiit, 847, 644.

811081100801, 8110119011 81111011

- 8111181111 313.

- wilhelm 313.

811088008101 (8110881801), Fisch-
11011101, 414, 430, 431.

811108101 christoph 283.

- wilhelm, Marktriohter in Kind-
8013, 429.

8111014161011, Bflrger und 8010011·
mann von Graz, 177.

8111111369.

8101011111 (0818140111) XH-
XIV, XXXVII—XXXIX, L, LVII,
LX, LXI, LXIH—LXVII, LXXI,
LXXIII, LXXV, cvl, CX, CXII,
4, 9-11, 23, 24, 26, 31, 38, 41,
47, 49, 88, 62, 63, 64, 66, 67,
69-71, 73, 76-78, 81, 83-88,
88-98, 101-104, 166, 107,111,
112, 114, 117, 118, 121, 128,
127, 128, 130, 182, 187, 160,
166, 167, 170-172, 178-182,
187, 196, 199, 216, 222, 228,
226, 229, 247, 286, 287, 266,
269, 272, 273, 278, 289, 302,
309, 316, 337, 342, 348, 346,
388, 361, 668, 373, 374, 389,
394-397, 409, 410, 423, 432,
434, 460, 464-466, 490, 498,
866, 837, 873, 876, 879, 880,

882, 883, 892, 897, 899, 661,
608, 610-618, 622, 623, 627,
628, 639, 642, 684, 686, 687,
663, 671, 678-677, 683, 686,
687, 689, 708, 718, 727, 734,
746-742, 746-781, 764, 770,
790, 792, 793, 812, 861, 886,
888, 907, 912, 931, 933, 941
943, 984, 960, 962, 968.

81011011 vm, Papst, 286, 344,
361, 461, 462, 942, 982, 961.

81018011061(8810180110(11)Τ1101111,
1111011111, 829.

- Goorg, 01101111, 830.

Klepp 111811, 8081181οἰ601, 47.

81011, 1111131110101111151.

8813011011, 8011108114 11 81111,
448, 633.

81608, 1161111108 von Radkenbmg,
L, 646, 718, 810, 829-631, 634,
841.

816010104101101) 8011611116,8111101
zu Tultschnick, 790, 803.

8101111111 Alexander, nofmoim.
794.

1111111(1111,11)11111ω, Pras ⁴
kant, 169, 928. “

8100811 Paul 727.

Xnipfelborger Iohannes, Hm
von 801111301262. ,

11111011111110100010111111 ,

'mmfflfflmmmI

81081108 169.

8080111(88080111,0080111),Κηῖω
8601111111101

- Hans von — Prooeeg xcvll

- 11011160 636. ⁴

— Phssipp 134, 180, 162, 169, 265, ²
378, 386, 387, 413, 426, 418,
462, 474, 478.

8080181118101,80111101110181ἠ8101.
781.

8680110 11111111, (1188011100, 231.

8008101 1111111 884.

8611108 11 770111101011118 84, 66

801101, 80811101 01160111 Collegit·
Germanicum, 242, 798.

80110111118, 080111, 268.

 

 

