N 5115 511, 3155551155 Bamberg, 940.

115155 15 Ρ151151155-555151155 597.

1151551 Andrus, Pfleger, 754.

11555515 (Ort, 1451155 -) 15 111111-
tal LXXII, LXXXVIII, clv, 215,
216, 259, 612, 725.

- 11511151, 551155 -, 620.

11555513, Ρ1511·, 313-322, 327, 335,
336, 340, 345, 350,1 355, 355,
352-364, 392, 403, 523.

- Philipp Ludwig 155, 538.

11511155 5511175115 201.

1155153515 111515 718.

N 5111511 15 8151515511 805.

11551511, Β51551111 von, 51511115551
41511551, 211.

11555551 1511551151 5, 252, 707.

- 15 Ungarn 255, 268, 259, 332,
437, 439, 440, 648, 714, 716, 726,
730, 781, 798, 365.

1155551151511115. 55111511. ,41515-
familie:

- Adam 432, 861.

- Elisabeth 861.

- (15513155, 314.

-· 1151551 von, 335.

-- 1151551155 gob. 851151 897.

- 8511115115, 313, 531.

- Sigmund Georg 237, 298, 312.

11 5551111151, 151151 11515 111 Ungam,
011.

115555115 Ungarn 240, 241.

1155551513511155 111 551555 14, 62.

1151155111 15 0551115151 76, 744,
835, 310.

1155551111 LXIX, 135, 653, 661,
662.

11511551 0511115115,Ρ1151151, 772, 803.

1155115111 15 Κ1515 708, 709.

111515115515 LXXVII.

111515115 (11115115) Β5155511,Ρ15551
5111 Kapfonberg, 654, 556.

- 2511515555551,341.

1111515111ῠὶ5 15 0551115151111511707.

11135111511, Ρ15115 1511115155, 263,
274, 282.

11115111, St, 551 1111555 232.

1115555115, 11551151, 347.

939

1111155 Matthias 894.

11555151, Georg 0151 zu, 1155151-
555515555 von 1111151511, 288, 302,
315, 335, 373, 390, 395, 423, 435,
462.

Novak Ulrich, Burgor 15 11515555,

231.

1111155515 XXX, XXXII, LIV, LVI,
319, 478, 563, 573, 741, 856, 884,
310.

0.

051555, 115111 15 0555151515511,
433, 727, 835.

05515513, 11151551 515155511151

·— 55111551 von, 314, 933.

- Franz von, 314, 339,

- Franz (15515155, 475.

- Susanna von, 939.

-- 15 8151515511 153, 159, 315, 416,
417, 421, 422, 544, 548, 637, 925,
945.

055115115115, 1111185115 111 1151551,
787,

055111555515 in 11115155 506.

0551551151 115115555, Ρ151151 15
1111155, 461.

05511511555151515 11115155 160,
151.

0551115151 11155551, Ρ151151, 467.

055111555 15 11515155 LXXXI.

055111115111115 11111511551551 Be·

11111 831.

05515151555515 11115155 901.

0551551551, 551155111155 155
Radkorsburg, 754.

055151511111 11115155 LXVI, 75.

0551151151 Veit, Ρ15551, 704, 715.

05511555515115, 0111155111 15
Κ1515, 449.

Obersturmberg 155151515511803.

05511511555 15 51151511 48.

0551115551 11515111, 1115551 15
115ρί555513, 324.

0551111111 15 0555151515511
LXXVIII, XCVIII, 99, 835, 953.

(151515 (0551, 051515) 15 Ε1155151
LXXVI, LXXIX, 27, 28.

 

