Kirchen 6. 8666166466, 6461641661.

und 1166666 4641114666, 1. Bd. XLIV
-LX, LXXVI, 6, 76, 96, 112,167
-180, 246, 263, 292-382, 421,

464, 464, 446, 446, 464, 464, 466, V

474, 486, 486, 608, 611, 646, 766,
779, 781, 786, 21141. XLV, LXXIV,
4, 23, 170,171,199.

11146666163616, den Ρ46166166166
gemmea, 2861114711, XLVIII,
466, 464.

Kirchenpolitik Erzherzog 1146414
1. Bd. XX, XXI.

- Ferdinands ΙΙ. 2134. XXXIII.

— Karls 11, 1. Bd. xv111-xx.

— Maximinum 111, 1. Bd. XXI-
XXIII.

11166164861411161414611,Ζ641866641,
21341. xclx-cl.

- Hebung 664, 2. Bd. 269, 280.

11661666441166 der genamtuaterr.
8166416 6114166 von 1609.

116614661641 4164144114. (1616111666611
2. Bd. 01, 64-66, 276, 277, 442,
407, 616, 686, 710, 746, 767, 768,
809, 867, 868, 946, 966, 966.

1466144116 361411. Ρ6446666 641166-
146114. Η64466 6166666666, 44146 464-
66166 2. Bd, 667, 868,

Κ644666664166664614644116146,11141.
49, 61, 62, 64, 66, 67,140,160,197,
198, 208, 211, 212, 228, 242, 246,
264, 260, 274, 276, 806, 306, 808,
311, 324, 831, 332, 360, 362, 389,
373, 381, 394, 396, 397, 410, 411,
416, 439, 470, 484, 604, 620, 632,
636-638, 641, 642, 644, 667, 663,
667, 668, 671-673, 679, 680, 687,
696, 698, 698, 699, 802, 607, 610,
836-638, 661, 669, 671, 672, 674,
878, 692, 779, 2. Bd. XIV-XVII,
XXI, XXIII, 10, 26-30, 36, 86,
39-42, 49, 63, 64, 83, 66, 87,
103, 106, 107,118-118, 120, 128,
130, 132, 169, 180, 164,167,176,
178, 179, 182,190, 191,196,198,
207, 208, 216, 221, 247-260, 267,
268, 266-270, 273, 278, 881, 386,
846164. 11. 461. 841141.

1026

338, 341, 367-369, 861, 886, 866,
368, 876, 888, 389, 897, 402, 409,
410, 491, 601, 613, 620, 628, 637,
648-660, 662, 663, 687, 666, 670,
678-684, 687, 689, 601, 692, 697,
601, 602, 606, 610-612, 614-618,
621, 732, 926.

Κ4166, die, von 1609, 2. Bd. XXVII
xxan

-441416661416146 41446, 2. Bd. 480-
488, 494-609, 612-628, 668, 667
-684, 967.

Kryptoprotestanton 21341. 484,
436, 884, 886.

L.

Landosfreiheiton 1. Bd. XIV,
2841. 220, 281, 282, 600, 601,
618, 966.

- 1446416466, Eingriff 164, 1. Bd. 636,
687, 648-646, 688.

- 1446411446, 86644666 (8646168666),
Bewilligungen, 1. Bd. XIII-XVII,
LX-LXXVII, 8, 21, 22, 24, 41,
44, 47, 49, 184, 276, 418, 421,
426, 464, 468, 473-477, 482, 486
-606, 609-613, 616, 617, 618,
666-666, 646-664, 666-666,
639, 640, 642-646, 662, 664-
668, 661, 666-667, 674, 678-
681, 686, 673, 676-689, 692,
2131. XVII-XXII.

Lsndtage, Mindemng ihrer poli-
11461466 Bedeutung, 1. 841. 278-
281, 2.Β(1. XVIII-XX, 48, 49,
84, 118, 117,168,164.

646666641146666416 und 1116664,
4646616666, 1. 86. LXIX, LXXII,
46, 464, 466, 666, 664, 664, 466,
466, 4. 66. xxxv, 11, 46, 46, 64
-66, 64-66, 64, 446, 464, 444,
173, 176, 177, 626, 630, 689, 640,
647, 792, 793, 836,

- Besetzung d. landschastl. 1164164,
2. Bd. XXXIV, XXXVI, 66, 432,
670, 684-687, 606, 618, 618, 823,
624, 706.

66

 

