11.

85555 Marx, 8155555555 1115555·
5553, 15, 28, 30, 109, 829.
8555515, die, 8555555155 555 851151-
555155 christoph Spindler, 629.
855511155 Albin, Religionereforma·
1155555555515, 580, 589, 593, 597 .
85155555551, 515, 11113Ιὶ5555 555
51515551. 111115551555555
- (1511151551 795, 803.
- 55555 795.
·- Zacharias 298, 312.
8511 veit, 8115355 555 111555553,
480.
85155551515, 1555355155115 11155-
55, 160, 161, 555.
851151555 Elisabeth, Witwe 5555
515551 51515555. Ρ51151555155, 284.
811551 055151555115155155555 Η555
555 11515555, 809.
85551515, Ρ55155155115 15 115515,
702.
- 1555 858555, 702.
85555553 Η555, Κ55555511115555555
8115355, 628.
-115553, 5155155555 85551355 15
11153551551, 104.
- 1155511155, 11531515515 11153551551,
171.
8555153, Μ55511155555 15 051515155·
mark, 898.
85155155 8555555, Μ55515155155 15
11531555553, 587, 588.
8515155555315 115515 694.
851515115, 815555 15 11855155, 275-
279, 282, 288, 285, 829, 641, 812.
- wilhelm 555, 15, 28, 90, 81, 47,
313, 581.
851535 555551 1155555, 851515551 15
11155155, 288, 284.
8 5155555, 11555185555515 051515155-
mark, 268, 789.
85155155555, 05155551115 11155155,
CXII, 295, 648.
855515555 1., 1151555, xcvn, cvn,
84, 123,141, 192, 848, 681, 398,
524, 539, 747, 785, 980.

979

8555155555 11. 111-1111, le-XVI,
xx-xxn, XXVI, XXVII, XXIX
-XXXIII, XXXV, XXXVII,
XXXIX uew.w11·d, 55 555 85555
5515555 551 jeder Seite vorkommt,
51551 5551155 5553510551.

85551355, 051555511 15 115515, 377.

855155, 555 11155155 5553551555555
Ρ551551551, 881.

8551555 (15553 85515151, 45511355
555 11955155, 919.

- Hermann 551 11555153 319.
855555 Η555, 15555555 (155 815555
8181155555 555 (15551515, 992.

8555155115 5. 855515115.

8155155 5581 887.

81555115, 0515515511 15 11855155, 277.

815 555155 Η555 (8155153) 655, 821.

81555551515, 855158 15 11855155,
284, 947.

81555 55 85555555, 8515551115 555 51515.
1555555511, 25, 28, 81, 54, 851,
988, 997.

- 115555, 1151155555, 902.

- Wolf, 155555185511. 85555185, 791.

81555155 8555555, 8115355 55 555555,
592.

815555 920.

8155555553, 8551511 15 11555155, 508.

8155513155 (8165513), 051555511 15
115515, 377, 832.

81515511 (1555311555155, 793.

8555555 11113, Ρ551551551 15 0555-
515155, 888.

8555555555 11555, 55 Gimpel 15
Κ5515, 724, 725.

8555555115 1155555, 115113155555155-
551155555555155115, 408, 461.

8555155555 Κ551, 8551551551 (15
(15557), 745.

8555315551 115553 555, 5111311551 (155
Κ551555 8555555155555, 913, 475.

85555 955555, 8555105555, 244.

- 1155115, 1155551155 55 7511555, 842.

85551555 LVI, 820.

855551551822, 728.

85555153, Η555 555, 551555555515

8535555553, 896.
62*

 

