Borggold Georg, Pfloger, 808.

8611161611, 86111116 von, XVII, 900,
906.

861116 XX.

8616611616 Hans, Laibaeher 8111-
16161611161, 669, 700.

- Fran, 709.

- 1111111941.

8161616661811611, Ρ1616111111 1111
8666111163, 707.

816661 06611, 0616166666· 8116161
ιιι 616166611616, 669.

811666111166 16 111116 183, 166,
999.

81111 y 8166616, (1111, 486.

- Η161 7761116116, (1111, 174.

81616611, 011 in 06116616166, 904.

81616616161186661, 8161611161 16
8661166166, 96.

81616611, 81161 16 0616169161611,
XL, 196, 788, 867, 966.

86661166, 8611661 16 Ungarn, 99.

Book wolfgang 171.

1166111111 (6116161166, Laud, 8111666)
XXVII, XXVIII, XXXII, XXXIX,
XLII, LIII, 99, 490, 680, 666, 667
-699, 678, 680, 689-681, 691,
696, 694, 699, 689, 768, 779, 794,
841,

8666661 11111111 zum 716111666661,
61666166 16 111116, 169, 461,
996, 998.

8661 11166161, 1116661166 16 81116,
718, 769.

86111 7111, Ρ111111 zu thwanberg,
169.

86111111, christoph von, 8111161166
Μ111661ς11, 166.

86166 677, 689.

8111116111, 01116611116 111116, 709.

81166166611, 1111111111 166, XX,
XXII, 98, 169, 900, 919, 986, 987,

81116666, 16166161 Ernst, Goorg
81611, 11161 06611.

8111661166, 8116661 von Agrum,
478, 479.

976

81166 (11111 6161611166) 66611,
816661 06611 661611, 697.

811616181116,Β111111 16 1111166-
1611, 70.

811661666611, Herzog von, 900,
987, 991, 389, 694, 697, 698.

- 1. 1666 Η1161166 Julius„

81666616111116, 8116661166 8661116,
ΙΧ, XI-XIII, XXVIH, LIX,
LXV- LXVII, CIV, 07, CX, 6-7,
16, 17, 99, 80, 44, 64, 66, 70-76,
97, 99, 109, 111, 188, 966, 869,
410198, 487, 489, 110, 449, 464,
616, 617, 966, 960, 966.

—- 011161, 76166111 16 411166, 680.

81611116 XXX, 160.

811166 LXXVI, LXXVII, 466, 618,
617, 667, 668, 677, 678, 689, 998.

- 061111666, 8116661 von, 618.

81666 16 661 Mur (81161, Ρ111·
161) XLIII, XLIV, LXXXVII,
LXXXVIII, XCIV, 188, 887, 847,
868, 169, 668, 696, 644, 799, 789,
786, 799, 768, 886.

816661661611, 811. Ros. 116616111-
161(9) In 1111111, 896.

8661116, 611 von 16 181161 16
111116, 166.

8666611166, 611166,8166161166 (9),
184, 486.

Βιι13-861111116(0611·811111111,661.
v. 01111) 694.

86111 666166, 1611661616611 Ρ16
1611161, 896.

8111161116 611166 (7161161111), Kon-
vertit, 646.

0.

caligati 6661611, Nuntius, 8116661
von 861116616, 6.
0161611111 111111116111611.

819, 891, 841, 694, 697, 698, 699; 0166616616 16 06616616166 786.
1. 1666 0611111111, Friedrich, 111111 I 01611661 1111611661.

’ 016116 811111 (Haupt) 9.

01111 Peter (111 711161166111), 8611161111
8116. 8616161661 11. 616, 176, 816,
mfflmmmmm

 

