0161116161616, Ludwig von, 282,
313, 327, 331, 366, 368, 336, 410,
436, 621, 631, 881.

- 81116666 Ludwig von, 863.

- wilhelm von, 631, 666.

011166616 06611, 0161661661 16
Κ1616, 800.

01116611 im Radkmburger 0661111
823, 830.

016161 06161616, 1161111161161 16
1111166611, 662.

06661613, 0161111116 Κ1616, 366.

0611666111 116116, 0111611661 168666-
egg, 208, 214, 238, 266.

06611611, 0661166161 16 81. 411616,
434, 440.

0666116166, Ρ1616616111 in Κ1616,
827.

066661666611, 0116611611 16 01161·
616161, 6, 7, 764.

Donnersperg Margareto, Prote-
6166116 16 1166666, 168, 217.
0666161666, 0116611611 66 66161611.
016666 16 11636111, 413, 414.

· 0111610666, 11166161616161, 623, 617.
0616 06616, prot. 0616161116 Klagen·

1611, 760.

0616 bach, 0116611611 16 06611116166,
246.

061661661 16 Wssrttemberg 366.

061116316 Anna (Tottingin), Pro·
1661611116 111 Ρ61166, 707, 711, 717.

06161116616611, 11161661. 06616666
16 Κ1616, 646.

0111666 727.

016661166111 116116, Adelige 666
8116616161616111, 780.

0166611161166 (11616111611611) 16
01666166161161611 207.

0166 88, 606.

01666613, 6, 0661· 6. 1161616166·
burg.

0166666 XXIV, 284, 318-321, 332,
344, 361, 366, 363, 363, 330, 403,
404.

0166161116 (16611, 0161661661 in
Krain‚ 661.

- 11111611,1ο1,111.

0611166, 11161. 36111.

917

0161111101ιί6, 616, 660-662, 673,
708.

0661161 Hans, Ρ161661661 16 661
11161361 016116, 302.

0016666661 Zacharia, 1161361166
16666614.

01166 11616, 01166161111106611616166,
278.

066116 166611, 6666661666661 Ρ16-
1661661, 704.

0116166611 661 1166666, 3 81. von
0661661616, 201, 231, 863, 864.

0116166 0661, Ρ161161, 777. “

06661 Remigius, Pflegor im 06666
8166666613, 36-38, 38, 33.

0611 (061111,036,031111), Mitglieder
666 1111161661 116116661666661

- Adam 268.

- 016111611313.

- 1166611161 Xv—XVII, 3, 36, 88,
107, 116, 121,133, 140,]61, 162,
116, 161, 111, 161, 1661666116.

-16661 733, 738.

- 11611, 01616611 166 - 666 Η66-
3616116611 XXXIX, 313, 628, 623,
632, 663, 666, 667, 678, 682, 738.

- 1161666 68, 313.

-11111166 161, 314, 368, 476, 612,
631.

- Paul 863, 836, 303, 308.

-816111666461,

- 1111111, 116, 111, 614, 111.

061161, Η666 161166 166, 16611361
16 Κ1616, 413, 466, 474.

0611111 16 111616 878.

1611616166, 0116611611 in 0116166161-
161611, 331.

01611161, 0116611611 16 Uagam, 116·
6111 01161666 1161166616, 373.

Eggenberg, 011161 von - 6661116-
111611, 817, 820, 836.

- 061616666,0161116111611, 367.

- Η666 8131116116 211, 603, 631, 632.

- 0666 11111611, Herzog von, 166,
782, 877, 878, 834, 836.

62

 

