8011501001 Matthias 604.
80001 (11015011130011110 in 810101-

mark), 1. 1150010115, 801100010ἰο 0.
Polion, LII.

- Andreas 857.

- Elisabeth 897.

- 3111111100 897.

- Hans Ludwig 312.

8000005 8., 31100011101100008101100-
11010, Lm, 849.

800100, 0101151101010101110, 65, 126,
754, 771, 802, 885.

’ - Andreas 81010000 865, 865, 875,
876.

- Anna 110110 899.

- 31010105 XX, 18, 42, 53, 183,
187, 211, 219, 917, 929, 925, 509,
591, 592, 622, 885.

- 11000 wilhelm 803.

- Κο11 749, 804, 811, 885, 890, 904,
906, 916, 970, 971.

- 0110 912, 350.

- 3011011859,

- 8101001111 294, 912.

- 8000000 778, 795, 809, 885.

- Wolf 170, 298, 312.

800101,Νο1)111110110110 31110100, 609.

80011010 111010 897.

800111051, 3100501 100 711001, 745.

80010050110, 1110510101011, 939, 945.

80511501 8100500, 300550110101011-
30050173.

80500011 3011511001, 31100101, 258.

805011001 christoph 862.

8051111005010927;0805111005010.

8011111111 (8050111) G„ 11000101, 408.

- 30101101001011. 1111011001, 298, 312,
615.

805011001100511011711.

80501105010, 8105005010. 300110 10
1110001001οπ0105, 844, 845.

80501101 Friedrich 619.

805111005010, 0101011ᾱο101010111οε

-- 1151101005 327.

- 1111105051101005 211, 298, 509,
519, 528, 529, 592, 553, 566-
568, 582, 591, 592, 601,.602, 725,
344, 967.

8051111001 christoph 751.

8050005 30101828.

8050001,1110 31500 11005 -, 726.

-· Hans 596.

-10101 190.

- Μο01101000596.

- Peter, 3111001ἰο 3001005010, 588,
589, 892, 835.

8050101011011111001 14, 62, 63.

805010501000514000 772.

8050101, Erasmus 100, 11101001 5110-
11001, 314.

8050111100, 01101-, 10 810101100111
LXI, LXXXIX, 38, 706, 707, 711,
772, 794.

805010010501 Andreas 788.

80501001 christoph 614, 651.

805000111005 Zacharias 626.

80500011 810100, 1101111105101, 9.

80500501 (10010 425.

8050105010, Hans Wilhslm Grai
100 -, 865.

8011010000501, 011111 Krsin, 428.

80500 Hans, 7011101101,219, 220.

8050110501100 (1105011, Ρ, 3011101
101 (1101011000110011011001001, 406.

805001, 01010111101010011110, 297.

- Erasmus von, 475, 512.

- Franz 028.

-- (10010 3011511101 475.

- (110010 Erasmus 865.

- Hans 862.

- 1100010010 862.

- 1100001· 862.

80111051, Ρ101101, 759.

8051001101 (10010 zu Krottendorf
mmmm

8051005100100 (80510101100, Ort·
1011011 10 00111010100111) 269.

80111000 (10111011 670.

8051101 christoph, 3111001, 195.

8051111150 (10111 830.

8051110000 Γ1500101, 1101111100, 701.

80511100501001 3011511001 149.

805111000501 christoph, Dr., von
0011 zu 31050100, 85.

80510001 (10010 727·

8051011011 (10010, 3111001, 419, 674.

 

