974

666, 667, 672, 699, 704, 706, 719,
717, 721, 729, 798.
41161 Hans, Sohn 666 7661666, 721.
46166666 ι166666, 8161161 66 1111-
1616661, 21.

46666666, 86661661 41616161611161 ¹

- 81166, wilhelm, Franz 699, 866.
- Zacharias 919.
4661166,11661111166666 16 81616, 166,

979, 989.
41116116(4116616),46166666,496,964.
411 (666661166166616666) 126.

.. obpro (im 8616666616668661111), Ι

829, 830.

46616666611616666. (11116116666666
11161666 86166661661166), XXXVIII,
011, 99, 474, 612, 678, 613.

- christoph 926.

- 81616166 476, 612, 628, 629, 692,

ΜΜΜΜΜΜΜ.

870.
- 86166116 666, 42, 166, 919, 382,
996, 398, 499, 444, 446, 464, 691.
- 7761116616 XV, 40, 919, 982.
46666666 211.
46116, 011666611 16 0661116616, 990.
466666, 116661 16 0661616161,

86666, (16616 Friedrich 666, 479
8616111611 (66616661 66161166) 969
8616 Adam, 8111661, 696.
86616616 (81616111, vindam, 81661161,
8666116 6666.) XII, XIII, mm
LIX, LXII, LXVII, LXXVI, 161,
6666Μω6ω6
mmmmmmm
892, 760, 762, 812, vso-osm-

·mmmmwmm

966-661.
- Ernst, 8166661666 -, 949.
- «166. Philipp von, 118-120.
- 0116 dor 11611166, 8116661 666 -,
8111161666 416616616111, 120.
8616666 8166666616, Patria-d, 6
46611616

86666,11116116(16166681616618611ο
standon:

- 4661666 760.

- 1166161760.

- 8611611 760.

8666616, 8116166646616166111161

- Hans 666, 86, 246, 492.

8611661166 (81611661), 666. Aah*
16611116, cxl, 209, 726, 794, 869,
900, 919.

6111116111, 16111, mx, 1-6, i - 6161166166166666.

14, 26, 32, 62, 94, 196198, 209,
211, 214, 269, 491, 630, 691, 666,
671, 709, 714, 727, 749, 827, 899,
920, 969.

466166111616 1116166 868, 869.

466661666 46166, 8166161 666
Η6616616, 867.

- Florian, 8. J, 964.

466616, 8161661116 1161116116, 749.

46616 Adam (8116666 666 1166166167)
867.

- 866 779, 780, 789, 826, 866684
910.

86666661661, 816661, 916, 966

8666666166 16 11616166 969.

- 68166661191661.

- 771166 (66666666161166661861116
816666666661 6666116), 969.

- 866686116611666166661664116
671.

866666,1166(1,222, 462, 486.

- 1166161666 66611811, XXIII, 119

4616616 76166116, 8166666 666 ( - wilheim von, XLV.

Treffen, 860.
46166, 8616661666 Eat, 991.

8666611 Hans, 8661661661 16 11166166,
649.

86661666661761666661 111 861161
16166 96.

) 8666111 1166116, 4611166116 in 7111661

940.

8666611186611616,82666166866ῶ
666 boi 7111666, 947.

861661 (861666) 8661, 861661 666
- 1166661,1)661616661 6611616666781. Ι 8616661611, 276, 276, 289.

 

